<CoordinateSystem> { Z-up } 
<Material> Test_human:High-poly:Eye_brown {
  <Scalar> diffr { 1.0 }
  <Scalar> diffg { 1.0 }
  <Scalar> diffb { 1.0 }
  <Scalar> specr { 1.000000 }
  <Scalar> specg { 1.000000 }
  <Scalar> specb { 1.000000 }
  <Scalar> speca { 0.000000 }
  <Scalar> shininess { 127.75 }
  <Scalar> ambr { 0.110000 }
  <Scalar> ambg { 0.110000 }
  <Scalar> ambb { 0.110000 }
  <Scalar> emitr { 0.000000 }
  <Scalar> emitg { 0.000000 }
  <Scalar> emitb { 0.000000 }
}

<Texture> Test_human:High-poly_diffuse {
  "./tex/Test_human:High-poly_diffuse.png"
  <Scalar> envtype { MODULATE }
}

  <Group> Test_human {
    <Tag> prop { 0.0 }
    <Dart> { 1 }
    <Joint> root {
      <Transform> {
        <Matrix4> {
          1.0 0.0 0.0 0.0 
          0.0 -0.9997174739837646 0.023767517879605293 0.0 
          0.0 -0.023767517879605293 -0.9994438886642456 0.0 
          0.0 0.07558099925518036 1.1323399543762207 1.0 
        }
      }
      <Joint> spine05 {
        <Transform> {
          <Matrix4> {
            1.0 0.0 0.0 0.0 
            0.0 -0.4925882816314697 -0.8702623844146729 0.0 
            0.0 0.8702624440193176 -0.4925881624221802 0.0 
            0.0 0.09913386404514313 6.0335732996463776e-06 1.0 
          }
        }
        <Joint> spine04 {
          <Transform> {
            <Matrix4> {
              1.0 0.0 0.0 0.0 
              0.0 0.6766857504844666 0.7362719178199768 0.0 
              0.0 -0.736271858215332 0.6766857504844666 0.0 
              0.0 0.09864863753318787 4.597008228302002e-06 1.0 
            }
          }
          <Joint> spine03 {
            <Transform> {
              <Matrix4> {
                1.0 0.0 0.0 0.0 
                0.0 0.9846054911613464 -0.17479106783866882 0.0 
                0.0 0.17479108273983002 0.9846055507659912 0.0 
                0.0 0.08334185183048248 2.5082845240831375e-06 1.0 
              }
            }
            <Joint> spine02 {
              <Transform> {
                <Matrix4> {
                  1.0 0.0 0.0 0.0 
                  0.0 0.9927535653114319 -0.12016846239566803 0.0 
                  0.0 0.12016846239566803 0.9927535653114319 0.0 
                  0.0 0.11076654493808746 -3.8743019104003906e-07 1.0 
                }
              }
              <Joint> breast.L {
                <Transform> {
                  <Matrix4> {
                    -0.8409606218338013 -0.10744927823543549 0.5303205251693726 0.0 
                    0.5410962104797363 -0.166575625538826 0.824298083782196 0.0 
                    -0.00023168325424194336 0.9801567792892456 0.19822391867637634 0.0 
                    0.0 0.18503576517105103 -5.634501576423645e-08 1.0 
                  }
                }
              }
              <Joint> breast.R {
                <Transform> {
                  <Matrix4> {
                    -0.8409289121627808 0.10723025351762772 -0.5304152369499207 0.0 
                    -0.5411456823348999 -0.16677449643611908 0.8242257237434387 0.0 
                    -7.778406143188477e-05 0.9801470041275024 0.19827257096767426 0.0 
                    0.0 0.18503576517105103 -5.634501576423645e-08 1.0 
                  }
                }
              }
              <Joint> spine01 {
                <Transform> {
                  <Matrix4> {
                    1.0 0.0 0.0 0.0 
                    0.0 0.9999120235443115 -0.013273365795612335 0.0 
                    0.0 0.013273365795612335 0.999911904335022 0.0 
                    0.0 0.18503576517105103 -5.634501576423645e-08 1.0 
                  }
                }
                <Joint> clavicle.L {
                  <Transform> {
                    <Matrix4> {
                      0.2528601586818695 -0.9671429395675659 -0.02638404443860054 0.0 
                      0.9673193097114563 0.2532491087913513 -0.01257095392793417 0.0 
                      0.018839646130800247 -0.022343114018440247 0.99957275390625 0.0 
                      0.02761700004339218 0.09529104828834534 0.02827325463294983 1.0 
                    }
                  }
                  <Joint> shoulder01.L {
                    <Transform> {
                      <Matrix4> {
                        0.716644823551178 -0.6972359418869019 -0.01680098846554756 0.0 
                        0.6958407759666443 0.7164254188537598 -0.05040017142891884 0.0 
                        0.04717746749520302 0.02442820742726326 0.9985877871513367 0.0 
                        1.920867362059653e-06 0.08981788903474808 -1.0011717677116394e-08 1.0 
                      }
                    }
                    <Joint> upperarm01.L {
                      <Transform> {
                        <Matrix4> {
                          0.9535748958587646 -0.30115464329719543 0.0008176565170288086 0.0 
                          0.30070921778678894 0.9523054957389832 0.051845893263816833 0.0 
                          -0.0163922980427742 -0.04919307306408882 0.9986547827720642 0.0 
                          6.805203156545758e-07 0.0834900289773941 -6.137415766716003e-07 1.0 
                        }
                      }
                      <Joint> upperarm02.L {
                        <Transform> {
                          <Matrix4> {
                            0.9998745322227478 -0.015838298946619034 3.597233444452286e-07 0.0 
                            0.01578293740749359 0.9963775873184204 0.08356186747550964 0.0 
                            -0.001323837786912918 -0.08355137705802917 0.9965025782585144 0.0 
                            -7.644121069461107e-07 0.09296329319477081 -1.2852251529693604e-07 1.0 
                          }
                        }
                        <Joint> lowerarm01.L {
                          <Transform> {
                            <Matrix4> {
                              1.0 -7.185735739767551e-06 -2.1187588572502136e-06 0.0 
                              6.983056664466858e-06 0.7912406921386719 0.611504852771759 0.0 
                              -2.680346369743347e-06 -0.611504852771759 0.7912407517433167 0.0 
                              -6.117799784988165e-06 0.23203112185001373 1.387670636177063e-07 1.0 
                            }
                          }
                          <Joint> lowerarm02.L {
                            <Transform> {
                              <Matrix4> {
                                1.0 1.648440957069397e-07 -5.271285772323608e-07 0.0 
                                -1.8998980522155762e-07 1.0 4.470348358154297e-08 0.0 
                                5.671754479408264e-07 5.960464477539063e-08 1.0000001192092896 0.0 
                                -1.6030389815568924e-07 0.13844817876815796 5.103647708892822e-06 1.0 
                              }
                            }
                            <Joint> wrist.L {
                              <Transform> {
                                <Matrix4> {
                                  0.9909604787826538 -0.13167914748191833 -0.025652021169662476 0.0 
                                  0.13415448367595673 0.972695529460907 0.18938331305980682 0.0 
                                  1.3789162039756775e-05 -0.19111257791519165 0.9815682172775269 0.0 
                                  6.607966497540474e-06 0.13845156133174896 -1.9669532775878906e-06 1.0 
                                }
                              }
                              <Joint> finger1-1.L {
                                <Transform> {
                                  <Matrix4> {
                                    -0.6253253221511841 0.7800743579864502 0.02126883715391159 0.0 
                                    0.6429794430732727 0.49959951639175415 0.5804977416992188 0.0 
                                    0.44220542907714844 0.3766753375530243 -0.8139838576316833 0.0 
                                    0.001414906233549118 0.044939205050468445 0.02323932945728302 1.0 
                                  }
                                }
                                <Joint> finger1-2.L {
                                  <Transform> {
                                    <Matrix4> {
                                      0.9359848499298096 -0.3519488275051117 0.008020654320716858 0.0 
                                      0.34790557622909546 0.9282336235046387 0.13169747591018677 0.0 
                                      -0.05379579961299896 -0.12047646939754486 0.9912575483322144 0.0 
                                      -6.506219506263733e-06 0.034630462527275085 -3.2633543014526367e-06 1.0 
                                    }
                                  }
                                  <Joint> finger1-3.L {
                                    <Transform> {
                                      <Matrix4> {
                                        0.9981505870819092 -0.06079024448990822 4.4405460357666016e-06 0.0 
                                        0.05906090512871742 0.9697730541229248 0.2367531657218933 0.0 
                                        -0.014396540820598602 -0.23631498217582703 0.9715697765350342 0.0 
                                        4.932284355163574e-06 0.041123166680336 2.0042061805725098e-06 1.0 
                                      }
                                    }
                                  }
                                }
                              }
                              <Joint> metacarpal1.L {
                                <Transform> {
                                  <Matrix4> {
                                    -0.26534584164619446 0.19838914275169373 -0.9435216784477234 0.0 
                                    -0.04564885050058365 0.9749186038970947 0.21782848238945007 0.0 
                                    0.9630719423294067 0.10087066888809204 -0.24963442981243134 0.0 
                                    -6.0498714447021484e-06 0.03689098358154297 -1.296401023864746e-06 1.0 
                                  }
                                }
                                <Joint> finger2-1.L {
                                  <Transform> {
                                    <Matrix4> {
                                      0.9951322674751282 -0.0982016772031784 -0.008264325559139252 0.0 
                                      0.09698793292045593 0.9610543847084045 0.25878188014030457 0.0 
                                      -0.01747030019760132 -0.2583237290382385 0.9659004211425781 0.0 
                                      -2.8759241104125977e-06 0.08438130468130112 6.366521120071411e-06 1.0 
                                    }
                                  }
                                  <Joint> finger2-2.L {
                                    <Transform> {
                                      <Matrix4> {
                                        0.9999027848243713 0.013361498713493347 -0.003974393010139465 0.0 
                                        -0.01217498816549778 0.9759079813957214 0.21784289181232452 0.0 
                                        0.0067893266677856445 -0.21777334809303284 0.9759756922721863 0.0 
                                        6.809830665588379e-06 0.029251068830490112 -2.518296241760254e-06 1.0 
                                      }
                                    }
                                    <Joint> finger2-3.L {
                                      <Transform> {
                                        <Matrix4> {
                                          0.9994218349456787 0.03395367041230202 0.0017708837985992432 0.0 
                                          -0.0339379608631134 0.9931102395057678 0.11216198652982712 0.0 
                                          0.002049669623374939 -0.11215720325708389 0.9936883449554443 0.0 
                                          -1.004338264465332e-05 0.02614767476916313 -6.556510925292969e-07 1.0 
                                        }
                                      }
                                    }
                                  }
                                }
                              }
                              <Joint> metacarpal2.L {
                                <Transform> {
                                  <Matrix4> {
                                    -0.13777080178260803 -0.14849092066287994 -0.9792699217796326 0.0 
                                    -0.10031690448522568 0.9857059121131897 -0.13535365462303162 0.0 
                                    0.9853708148002625 0.07958950847387314 -0.15069763362407684 0.0 
                                    -6.0498714447021484e-06 0.03689098358154297 -1.296401023864746e-06 1.0 
                                  }
                                }
                                <Joint> finger3-1.L {
                                  <Transform> {
                                    <Matrix4> {
                                      0.9989838600158691 -0.03915335237979889 -0.02232326567173004 0.0 
                                      0.044295236468315125 0.9443655014038086 0.32590150833129883 0.0 
                                      0.008321106433868408 -0.3265591263771057 0.9451401829719543 0.0 
                                      9.387731552124023e-07 0.07909518480300903 6.191432476043701e-06 1.0 
                                    }
                                  }
                                  <Joint> finger3-2.L {
                                    <Transform> {
                                      <Matrix4> {
                                        0.9972122311592102 0.07461605966091156 0.0007551312446594238 0.0 
                                        -0.07422837615013123 0.9908944964408875 0.11233139783143997 0.0 
                                        0.007633477449417114 -0.11207428574562073 0.9936707019805908 0.0 
                                        3.7103891372680664e-06 0.03817331790924072 -5.245208740234375e-06 1.0 
                                      }
                                    }
                                    <Joint> finger3-3.L {
                                      <Transform> {
                                        <Matrix4> {
                                          0.9999037981033325 -0.01384652778506279 -0.000785142183303833 0.0 
                                          0.013848062604665756 0.993718683719635 0.11104556173086166 0.0 
                                          -0.0007573813199996948 -0.11104574054479599 0.9938148856163025 0.0 
                                          8.791685104370117e-07 0.031016536056995392 1.5795230865478516e-06 1.0 
                                        }
                                      }
                                    }
                                  }
                                }
                              }
                              <Joint> metacarpal3.L {
                                <Transform> {
                                  <Matrix4> {
                                    -0.1374700963497162 -0.13129441440105438 -0.981765627861023 0.0 
                                    -0.13791640102863312 0.9840579628944397 -0.11228947341442108 0.0 
                                    0.9808573126792908 0.119965098798275 -0.153386190533638 0.0 
                                    0.0009238701313734055 0.040310606360435486 -0.02438175678253174 1.0 
                                  }
                                }
                                <Joint> finger4-1.L {
                                  <Transform> {
                                    <Matrix4> {
                                      0.9703226685523987 -0.24081912636756897 -0.021909281611442566 0.0 
                                      0.23267368972301483 0.9051318168640137 0.35580793023109436 0.0 
                                      -0.06585463881492615 -0.35034629702568054 0.9343022108078003 0.0 
                                      -6.4820051193237305e-06 0.06708171963691711 1.1492520570755005e-06 1.0 
                                    }
                                  }
                                  <Joint> finger4-2.L {
                                    <Transform> {
                                      <Matrix4> {
                                        0.9961931109428406 0.08710110187530518 0.003576532006263733 0.0 
                                        -0.08677108585834503 0.9868055582046509 0.136695995926857 0.0 
                                        0.008377045392990112 -0.13648593425750732 0.9906066656112671 0.0 
                                        1.0460615158081055e-05 0.03344625234603882 -5.5283308029174805e-06 1.0 
                                      }
                                    }
                                    <Joint> finger4-3.L {
                                      <Transform> {
                                        <Matrix4> {
                                          0.9987033605575562 -0.05086589604616165 -0.002072073519229889 0.0 
                                          0.05085870996117592 0.9951156973838806 0.08460576087236404 0.0 
                                          -0.0022416114807128906 -0.08460144698619843 0.9964123368263245 0.0 
                                          -3.129243850708008e-06 0.028052911162376404 1.4677643775939941e-06 1.0 
                                        }
                                      }
                                    }
                                  }
                                }
                              }
                              <Joint> metacarpal4.L {
                                <Transform> {
                                  <Matrix4> {
                                    0.041569784283638 -0.4490777254104614 -0.8925251960754395 0.0 
                                    -0.06562017649412155 0.890141487121582 -0.4509347379207611 0.0 
                                    0.9969783425331116 0.0773129016160965 0.007534433156251907 0.0 
                                    0.0009238701313734055 0.040310606360435486 -0.02438175678253174 1.0 
                                  }
                                }
                                <Joint> finger5-1.L {
                                  <Transform> {
                                    <Matrix4> {
                                      0.9980745911598206 -0.0614972859621048 -0.008074557408690453 0.0 
                                      0.060530632734298706 0.9373308420181274 0.343143105506897 0.0 
                                      -0.013533800840377808 -0.34297117590904236 0.9392484426498413 0.0 
                                      -1.6838312149047852e-06 0.06054166704416275 -2.4819746613502502e-06 1.0 
                                    }
                                  }
                                  <Joint> finger5-2.L {
                                    <Transform> {
                                      <Matrix4> {
                                        0.999279260635376 0.03788147121667862 0.0024425536394119263 0.0 
                                        -0.03776511177420616 0.9855679869651794 0.16501298546791077 0.0 
                                        0.00384361669421196 -0.1649862825870514 0.9862883687019348 0.0 
                                        4.500150680541992e-06 0.02438497543334961 5.6549906730651855e-06 1.0 
                                      }
                                    }
                                    <Joint> finger5-3.L {
                                      <Transform> {
                                        <Matrix4> {
                                          0.9996497631072998 -0.02646397426724434 0.00019535422325134277 0.0 
                                          0.026463456451892853 0.9995056390762329 -0.01696936786174774 0.0 
                                          0.00025387853384017944 0.016968607902526855 0.9998559355735779 0.0 
                                          -2.086162567138672e-06 0.017492517828941345 -2.302229404449463e-06 1.0 
                                        }
                                      }
                                    }
                                  }
                                }
                              }
                            }
                          }
                        }
                      }
                    }
                  }
                }
                <Joint> clavicle.R {
                  <Transform> {
                    <Matrix4> {
                      0.2528601586818695 0.9671429395675659 0.02638404443860054 0.0 
                      -0.9673193097114563 0.2532491087913513 -0.01257095392793417 0.0 
                      -0.018839646130800247 -0.022343114018440247 0.99957275390625 0.0 
                      -0.02761700004339218 0.09529104828834534 0.02827325463294983 1.0 
                    }
                  }
                  <Joint> shoulder01.R {
                    <Transform> {
                      <Matrix4> {
                        0.716644823551178 0.6972359418869019 0.01680098846554756 0.0 
                        -0.6958407759666443 0.7164254188537598 -0.05040017142891884 0.0 
                        -0.04717746749520302 0.02442820742726326 0.9985877871513367 0.0 
                        -1.920867362059653e-06 0.08981788903474808 -1.0011717677116394e-08 1.0 
                      }
                    }
                    <Joint> upperarm01.R {
                      <Transform> {
                        <Matrix4> {
                          0.9535748958587646 0.30115464329719543 -0.0008176565170288086 0.0 
                          -0.30070921778678894 0.9523054957389832 0.051845893263816833 0.0 
                          0.0163922980427742 -0.04919307306408882 0.9986547827720642 0.0 
                          -6.805203156545758e-07 0.0834900289773941 -6.137415766716003e-07 1.0 
                        }
                      }
                      <Joint> upperarm02.R {
                        <Transform> {
                          <Matrix4> {
                            0.9998745322227478 0.015838298946619034 -3.597233444452286e-07 0.0 
                            -0.01578293740749359 0.9963775873184204 0.08356186747550964 0.0 
                            0.001323837786912918 -0.08355137705802917 0.9965025782585144 0.0 
                            7.644121069461107e-07 0.09296329319477081 -1.2852251529693604e-07 1.0 
                          }
                        }
                        <Joint> lowerarm01.R {
                          <Transform> {
                            <Matrix4> {
                              1.0 7.185735739767551e-06 2.1187588572502136e-06 0.0 
                              -6.983056664466858e-06 0.7912406921386719 0.611504852771759 0.0 
                              2.680346369743347e-06 -0.611504852771759 0.7912407517433167 0.0 
                              6.117799784988165e-06 0.23203112185001373 1.387670636177063e-07 1.0 
                            }
                          }
                          <Joint> lowerarm02.R {
                            <Transform> {
                              <Matrix4> {
                                1.0 -1.648440957069397e-07 5.271285772323608e-07 0.0 
                                1.8998980522155762e-07 1.0 4.470348358154297e-08 0.0 
                                -5.671754479408264e-07 5.960464477539063e-08 1.0000001192092896 0.0 
                                1.6030389815568924e-07 0.13844817876815796 5.103647708892822e-06 1.0 
                              }
                            }
                            <Joint> wrist.R {
                              <Transform> {
                                <Matrix4> {
                                  0.9909604787826538 0.13167914748191833 0.025652021169662476 0.0 
                                  -0.13415448367595673 0.972695529460907 0.18938331305980682 0.0 
                                  -1.3789162039756775e-05 -0.19111257791519165 0.9815682172775269 0.0 
                                  -6.607966497540474e-06 0.13845156133174896 -1.9669532775878906e-06 1.0 
                                }
                              }
                              <Joint> finger1-1.R {
                                <Transform> {
                                  <Matrix4> {
                                    -0.6253253221511841 -0.7800743579864502 -0.02126883715391159 0.0 
                                    -0.6429794430732727 0.49959951639175415 0.5804977416992188 0.0 
                                    -0.44220542907714844 0.3766753375530243 -0.8139838576316833 0.0 
                                    -0.001414906233549118 0.044939205050468445 0.02323932945728302 1.0 
                                  }
                                }
                                <Joint> finger1-2.R {
                                  <Transform> {
                                    <Matrix4> {
                                      0.9359848499298096 0.3519488275051117 -0.008020654320716858 0.0 
                                      -0.34790557622909546 0.9282336235046387 0.13169747591018677 0.0 
                                      0.05379579961299896 -0.12047646939754486 0.9912575483322144 0.0 
                                      6.506219506263733e-06 0.034630462527275085 -3.2633543014526367e-06 1.0 
                                    }
                                  }
                                  <Joint> finger1-3.R {
                                    <Transform> {
                                      <Matrix4> {
                                        0.9981505870819092 0.06079024448990822 -4.4405460357666016e-06 0.0 
                                        -0.05906090512871742 0.9697730541229248 0.2367531657218933 0.0 
                                        0.014396540820598602 -0.23631498217582703 0.9715697765350342 0.0 
                                        -4.932284355163574e-06 0.041123166680336 2.0042061805725098e-06 1.0 
                                      }
                                    }
                                  }
                                }
                              }
                              <Joint> metacarpal1.R {
                                <Transform> {
                                  <Matrix4> {
                                    -0.26534584164619446 -0.19838914275169373 0.9435216784477234 0.0 
                                    0.04564885050058365 0.9749186038970947 0.21782848238945007 0.0 
                                    -0.9630719423294067 0.10087066888809204 -0.24963442981243134 0.0 
                                    6.0498714447021484e-06 0.03689098358154297 -1.296401023864746e-06 1.0 
                                  }
                                }
                                <Joint> finger2-1.R {
                                  <Transform> {
                                    <Matrix4> {
                                      0.9951322674751282 0.0982016772031784 0.008264325559139252 0.0 
                                      -0.09698793292045593 0.9610543847084045 0.25878188014030457 0.0 
                                      0.01747030019760132 -0.2583237290382385 0.9659004211425781 0.0 
                                      2.8759241104125977e-06 0.08438130468130112 6.366521120071411e-06 1.0 
                                    }
                                  }
                                  <Joint> finger2-2.R {
                                    <Transform> {
                                      <Matrix4> {
                                        0.9999027848243713 -0.013361498713493347 0.003974393010139465 0.0 
                                        0.01217498816549778 0.9759079813957214 0.21784289181232452 0.0 
                                        -0.0067893266677856445 -0.21777334809303284 0.9759756922721863 0.0 
                                        -6.809830665588379e-06 0.029251068830490112 -2.518296241760254e-06 1.0 
                                      }
                                    }
                                    <Joint> finger2-3.R {
                                      <Transform> {
                                        <Matrix4> {
                                          0.9994218349456787 -0.03395367041230202 -0.0017708837985992432 0.0 
                                          0.0339379608631134 0.9931102395057678 0.11216198652982712 0.0 
                                          -0.002049669623374939 -0.11215720325708389 0.9936883449554443 0.0 
                                          1.004338264465332e-05 0.02614767476916313 -6.556510925292969e-07 1.0 
                                        }
                                      }
                                    }
                                  }
                                }
                              }
                              <Joint> metacarpal2.R {
                                <Transform> {
                                  <Matrix4> {
                                    -0.13777080178260803 0.14849092066287994 0.9792699217796326 0.0 
                                    0.10031690448522568 0.9857059121131897 -0.13535365462303162 0.0 
                                    -0.9853708148002625 0.07958950847387314 -0.15069763362407684 0.0 
                                    6.0498714447021484e-06 0.03689098358154297 -1.296401023864746e-06 1.0 
                                  }
                                }
                                <Joint> finger3-1.R {
                                  <Transform> {
                                    <Matrix4> {
                                      0.9989838600158691 0.03915335237979889 0.02232326567173004 0.0 
                                      -0.044295236468315125 0.9443655014038086 0.32590150833129883 0.0 
                                      -0.008321106433868408 -0.3265591263771057 0.9451401829719543 0.0 
                                      -9.387731552124023e-07 0.07909518480300903 6.191432476043701e-06 1.0 
                                    }
                                  }
                                  <Joint> finger3-2.R {
                                    <Transform> {
                                      <Matrix4> {
                                        0.9972122311592102 -0.07461605966091156 -0.0007551312446594238 0.0 
                                        0.07422837615013123 0.9908944964408875 0.11233139783143997 0.0 
                                        -0.007633477449417114 -0.11207428574562073 0.9936707019805908 0.0 
                                        -3.7103891372680664e-06 0.03817331790924072 -5.245208740234375e-06 1.0 
                                      }
                                    }
                                    <Joint> finger3-3.R {
                                      <Transform> {
                                        <Matrix4> {
                                          0.9999037981033325 0.01384652778506279 0.000785142183303833 0.0 
                                          -0.013848062604665756 0.993718683719635 0.11104556173086166 0.0 
                                          0.0007573813199996948 -0.11104574054479599 0.9938148856163025 0.0 
                                          -8.791685104370117e-07 0.031016536056995392 1.5795230865478516e-06 1.0 
                                        }
                                      }
                                    }
                                  }
                                }
                              }
                              <Joint> metacarpal3.R {
                                <Transform> {
                                  <Matrix4> {
                                    -0.1374700963497162 0.13129441440105438 0.981765627861023 0.0 
                                    0.13791640102863312 0.9840579628944397 -0.11228947341442108 0.0 
                                    -0.9808573126792908 0.119965098798275 -0.153386190533638 0.0 
                                    -0.0009238701313734055 0.040310606360435486 -0.02438175678253174 1.0 
                                  }
                                }
                                <Joint> finger4-1.R {
                                  <Transform> {
                                    <Matrix4> {
                                      0.9703226685523987 0.24081912636756897 0.021909281611442566 0.0 
                                      -0.23267368972301483 0.9051318168640137 0.35580793023109436 0.0 
                                      0.06585463881492615 -0.35034629702568054 0.9343022108078003 0.0 
                                      6.4820051193237305e-06 0.06708171963691711 1.1492520570755005e-06 1.0 
                                    }
                                  }
                                  <Joint> finger4-2.R {
                                    <Transform> {
                                      <Matrix4> {
                                        0.9961931109428406 -0.08710110187530518 -0.003576532006263733 0.0 
                                        0.08677108585834503 0.9868055582046509 0.136695995926857 0.0 
                                        -0.008377045392990112 -0.13648593425750732 0.9906066656112671 0.0 
                                        -1.0460615158081055e-05 0.03344625234603882 -5.5283308029174805e-06 1.0 
                                      }
                                    }
                                    <Joint> finger4-3.R {
                                      <Transform> {
                                        <Matrix4> {
                                          0.9987033605575562 0.05086589604616165 0.002072073519229889 0.0 
                                          -0.05085870996117592 0.9951156973838806 0.08460576087236404 0.0 
                                          0.0022416114807128906 -0.08460144698619843 0.9964123368263245 0.0 
                                          3.129243850708008e-06 0.028052911162376404 1.4677643775939941e-06 1.0 
                                        }
                                      }
                                    }
                                  }
                                }
                              }
                              <Joint> metacarpal4.R {
                                <Transform> {
                                  <Matrix4> {
                                    0.041569784283638 0.4490777254104614 0.8925251960754395 0.0 
                                    0.06562017649412155 0.890141487121582 -0.4509347379207611 0.0 
                                    -0.9969783425331116 0.0773129016160965 0.007534433156251907 0.0 
                                    -0.0009238701313734055 0.040310606360435486 -0.02438175678253174 1.0 
                                  }
                                }
                                <Joint> finger5-1.R {
                                  <Transform> {
                                    <Matrix4> {
                                      0.9980745911598206 0.0614972859621048 0.008074557408690453 0.0 
                                      -0.060530632734298706 0.9373308420181274 0.343143105506897 0.0 
                                      0.013533800840377808 -0.34297117590904236 0.9392484426498413 0.0 
                                      1.6838312149047852e-06 0.06054166704416275 -2.4819746613502502e-06 1.0 
                                    }
                                  }
                                  <Joint> finger5-2.R {
                                    <Transform> {
                                      <Matrix4> {
                                        0.999279260635376 -0.03788147121667862 -0.0024425536394119263 0.0 
                                        0.03776511177420616 0.9855679869651794 0.16501298546791077 0.0 
                                        -0.00384361669421196 -0.1649862825870514 0.9862883687019348 0.0 
                                        -4.500150680541992e-06 0.02438497543334961 5.6549906730651855e-06 1.0 
                                      }
                                    }
                                    <Joint> finger5-3.R {
                                      <Transform> {
                                        <Matrix4> {
                                          0.9996497631072998 0.02646397426724434 -0.00019535422325134277 0.0 
                                          -0.026463456451892853 0.9995056390762329 -0.01696936786174774 0.0 
                                          -0.00025387853384017944 0.016968607902526855 0.9998559355735779 0.0 
                                          2.086162567138672e-06 0.017492517828941345 -2.302229404449463e-06 1.0 
                                        }
                                      }
                                    }
                                  }
                                }
                              }
                            }
                          }
                        }
                      }
                    }
                  }
                }
                <Joint> neck01 {
                  <Transform> {
                    <Matrix4> {
                      0.9999998807907104 -0.00014210815425030887 0.0005123761366121471 0.0 
                      0.0 0.9636237621307373 0.2672622501850128 0.0 
                      -0.000531718076672405 -0.26726219058036804 0.9636237025260925 0.0 
                      0.0 0.1786973923444748 1.2014061212539673e-07 1.0 
                    }
                  }
                  <Joint> neck02 {
                    <Transform> {
                      <Matrix4> {
                        1.0 0.00011950595944654197 -3.647528501460329e-05 0.0 
                        -0.00012486717605497688 0.9663476943969727 -0.257239431142807 0.0 
                        4.506151981331641e-06 0.257239431142807 0.9663476943969727 0.0 
                        6.878508429508656e-09 0.049720123410224915 1.2926757335662842e-05 1.0 
                      }
                    }
                    <Joint> neck03 {
                      <Transform> {
                        <Matrix4> {
                          1.0 -0.00021265461691655219 -0.00031941785709932446 0.0 
                          0.00038304206100292504 0.6030476093292236 0.7977051138877869 0.0 
                          2.298843173775822e-05 -0.7977051138877869 0.6030476093292236 0.0 
                          -6.512350978482573e-07 0.05471798777580261 1.084059476852417e-06 1.0 
                        }
                      }
                      <Joint> head {
                        <Transform> {
                          <Matrix4> {
                            0.9999996423721313 0.0007956977933645248 0.00028388932696543634 0.0 
                            -0.00022996538609731942 0.5797207951545715 -0.814815104007721 0.0 
                            -0.0008129232446663082 0.8148146867752075 0.5797207355499268 0.0 
                            6.09581547905691e-07 0.037811413407325745 7.752329111099243e-06 1.0 
                          }
                        }
                        <Joint> jaw {
                          <Transform> {
                            <Matrix4> {
                              0.9999995231628418 4.344719783944129e-08 -0.0009961794130504131 0.0 
                              0.0005263025523163378 -0.8490675687789917 0.5282840728759766 0.0 
